35 45
1 3 1 5 5 6 5 1
2 4 1 6 2 5 3
2 4 1 7 3 3 2
1 4 9 3 3 4
1 4 9 3 3 6
2 1 9 3 2 3 1 4
1 1 2 10 4 2 2 1
1 1 2 7 5 2 2 3
2 2 2 4 1 5 4 3
2 2 2 4 2 9 3
5 2 4 4 6 2
1 4 2 3 5 3 5
1 3 2 3 5 3 4 1
1 3 5 1 5 3 3
3 4 3 5 3 2 3
5 4 3 5 3 4
2 3 3 5 3 3 1 5
1 7 6 5 2 6
9 6 5 3 7
2 9 5 5 4 5
2 3 4 4 4 6
2 2 7 6 2
1 3 5 1 7 4
2 5 4 2 7 5
3 7 4 4 7 5
2 8 4 4 7 5
10 4 5 5 5
10 4 5 4 3
9 4 5 13
9 4 5 17
8 3 22
2 3 4 11
2 3 9
7 3 8 5
8 3 6 9
3 3 4 2
3 3 3 2
5 3 2
13 2
6 4 11
3 4 13
5 3 8 5 2
5 3 6 7 1
9 6 8
4 8 8
8 3 8
12 3 3 8
6 3 3 7
6 3 2 5 4
7 3 3 7
8 2 4 9
8 2 8 7
11 8 7
9 14
8 10
3 2 4
2 6 4 2
2 9 5 6 3
1 3 13 8 3
1 3 11 13
1 3 5 3 11
4 3 9
3 5 3 4
5 3 5
5 3 4 4
1 5 3 7 4
2 7 10 3
2 4 15
12 16
11 13
6 2 6 3 1
2 3 2
2 3 2
1 2 1 5 3 2
2 1 3 2 6 3 2
5 4 4 5 3 2
6 4 5 5 3 1
1 3 6 6 8 1
3 3 1 6 5 1
1 6 2 6 4

https://www.griddlers.net/nonogram/-/g/207129